{
  "camera_angle_x": 0.6913346246915179,
  "camera_angle_y": 0.6913346246915179,
  "fl_x": 1112.1100902541036,
  "fl_y": 1112.1100902541036,
  "sk_x": 0.0,
  "sk_y": 0.0,
  "k1": 0.0,
  "k2": 0.0,
  "k3": 0.0,
  "k4": 0.0,
  "p1": 0.0,
  "p2": 0.0,
  "is_fisheye": false,
  "cx": 400.5,
  "cy": 400.5,
  "w": 801,
  "h": 801,
  "aabb_scale": 4.0,
  "aabb_range": [
    [
      -3.576755317163831,
      3.745986816670332
    ],
    [
      -2.197979058906748,
      5.124763074927415
    ],
    [
      -2.3646519275355575,
      4.958090206298605
    ]
  ],
  "sphere_center": [
    0.08461574975325055,
    1.4633920080103338,
    1.296719139381524
  ],
  "sphere_radius": 3.6613710669170816,
  "frames": [
    {
      "file_path": "images/000003.jpg",
      "transform_matrix": [
        [
          -0.09511273396414313,
          -0.7085439749152314,
          0.6992274332784649,
          2.9663470361384427
        ],
        [
          -0.6591208928783014,
          -0.48155957508676034,
          -0.5776331225038689,
          -0.9074835658411623
        ],
        [
          0.7459981343201716,
          -0.5158156756570925,
          -0.4212136896365552,
          -0.43385786513001423
        ],
        [
          0.0,
          -0.0,
          -0.0,
          1.0
        ]
      ]
    },
    {
      "file_path": "images/000002.jpg",
      "transform_matrix": [
        [
          0.0306289803708726,
          -0.7127265164716983,
          0.7007729862655656,
          2.9725520758998356
        ],
        [
          -0.6591399172302482,
          -0.541455284784416,
          -0.5218819254321118,
          -0.6773429483877023
        ],
        [
          0.7513963235704191,
          -0.44592273691430556,
          -0.4863707203643255,
          -0.7029933789212208
        ],
        [
          0.0,
          -0.0,
          -0.0,
          1.0
        ]
      ]
    },
    {
      "file_path": "images/000005.jpg",
      "transform_matrix": [
        [
          -0.339261193326113,
          -0.6642380088417281,
          0.6661003755538032,
          2.830258013329007
        ],
        [
          -0.6288755883999865,
          -0.36645389934680084,
          -0.6857310215879805,
          -1.3539929217622628
        ],
        [
          0.6995836883586638,
          -0.651536190294523,
          -0.29339948145657446,
          0.09386003792116492
        ],
        [
          0.0,
          -0.0,
          -0.0,
          1.0
        ]
      ]
    },
    {
      "file_path": "images/000006.jpg",
      "transform_matrix": [
        [
          -0.4553757446490959,
          -0.6244599283018032,
          0.6345728714108322,
          2.700476689476221
        ],
        [
          -0.5975399192812031,
          -0.31400310720534286,
          -0.7377994941247948,
          -1.5683763063841751
        ],
        [
          0.6599840725734939,
          -0.7151586163996745,
          -0.23015033638604243,
          0.3549654621489747
        ],
        [
          0.0,
          -0.0,
          -0.0,
          1.0
        ]
      ]
    },
    {
      "file_path": "images/000004.jpg",
      "transform_matrix": [
        [
          -0.21879965701065565,
          -0.692026912386371,
          0.6879138482579088,
          2.9199601251840765
        ],
        [
          -0.6491205045964027,
          -0.42314265101678683,
          -0.6321335835114262,
          -1.1328224198804888
        ],
        [
          0.7285391414361556,
          -0.5848495955572437,
          -0.35662539165347923,
          -0.16744033427357322
        ],
        [
          0.0,
          -0.0,
          -0.0,
          1.0
        ]
      ]
    },
    {
      "file_path": "images/000001.jpg",
      "transform_matrix": [
        [
          0.15544988918497898,
          -0.7044321023471589,
          0.6925393455502291,
          2.93832668123832
        ],
        [
          -0.6484393567920871,
          -0.6016434467461239,
          -0.4664242313071958,
          -0.4480520931622142
        ],
        [
          0.7452259607095303,
          -0.3765641727119109,
          -0.550306906475243,
          -0.9666552579903104
        ],
        [
          0.0,
          -0.0,
          -0.0,
          1.0
        ]
      ]
    },
    {
      "file_path": "images/000008.jpg",
      "transform_matrix": [
        [
          -0.6635670051541768,
          -0.5139929823609318,
          0.5435899592104617,
          2.3255887618608284
        ],
        [
          -0.5074136495111694,
          -0.224715100527364,
          -0.8318861171366744,
          -1.9571133813094352
        ],
        [
          0.5497364986613795,
          -0.8278371444183278,
          -0.11169352873302785,
          0.8433961223290228
        ],
        [
          0.0,
          -0.0,
          -0.0,
          1.0
        ]
      ]
    },
    {
      "file_path": "images/000009.jpg",
      "transform_matrix": [
        [
          -0.7525262996377021,
          -0.44558554266113287,
          0.48493060588600834,
          2.0839915980562367
        ],
        [
          -0.4499249988834277,
          -0.18985304065116904,
          -0.8726530343356705,
          -2.12618479682436
        ],
        [
          0.48090712589161627,
          -0.8748767611080369,
          -0.057610668628091326,
          1.0665939527858945
        ],
        [
          0.0,
          -0.0,
          -0.0,
          1.0
        ]
      ]
    },
    {
      "file_path": "images/000010.jpg",
      "transform_matrix": [
        [
          -0.8295182504040081,
          -0.3708289939423167,
          0.4175946952469615,
          1.806284750234284
        ],
        [
          -0.3852973031413371,
          -0.16128827185864095,
          -0.9085879602728985,
          -2.2744361334646546
        ],
        [
          0.40428388594981873,
          -0.9145884050285038,
          -0.009087846209724118,
          1.2671579703166123
        ],
        [
          0.0,
          -0.0,
          -0.0,
          1.0
        ]
      ]
    },
    {
      "file_path": "images/000007.jpg",
      "transform_matrix": [
        [
          -0.5638440233741935,
          -0.573968480145539,
          0.5938350790452018,
          2.5326286771005755
        ],
        [
          -0.5570335563036889,
          -0.2665642935188176,
          -0.7865475793443638,
          -1.7699123888723152
        ],
        [
          0.6097487469908127,
          -0.7742762176511903,
          -0.16941901995614372,
          0.605331442743376
        ],
        [
          0.0,
          -0.0,
          -0.0,
          1.0
        ]
      ]
    },
    {
      "file_path": "images/000011.jpg",
      "transform_matrix": [
        [
          -0.8929730598199359,
          -0.29102689743403315,
          0.3433692755704003,
          1.4993227798281104
        ],
        [
          -0.3149808642462903,
          -0.1409138748740751,
          -0.9385788912108738,
          -2.3964619714932596
        ],
        [
          0.3215371978395048,
          -0.9462804155417643,
          0.03416439034469798,
          1.4459124206955989
        ],
        [
          0.0,
          -0.0,
          -0.0,
          1.0
        ]
      ]
    },
    {
      "file_path": "images/000012.jpg",
      "transform_matrix": [
        [
          -0.9422391236393748,
          -0.20794069050531783,
          0.26257589972324896,
          1.1654563609230932
        ],
        [
          -0.24005022639249893,
          -0.1274713784166158,
          -0.9623548911360493,
          -2.493019088803715
        ],
        [
          0.2335836524507057,
          -0.9697998334278778,
          0.07019231005636063,
          1.5947566906462243
        ],
        [
          0.0,
          -0.0,
          -0.0,
          1.0
        ]
      ]
    },
    {
      "file_path": "images/000017.jpg",
      "transform_matrix": [
        [
          -0.9579995960761811,
          0.19902128421280915,
          -0.2064638039661138,
          -0.7689079720743385
        ],
        [
          0.16937359279982311,
          -0.18828657587315648,
          -0.9673989618601219,
          -2.5127914349787863
        ],
        [
          -0.23140734642606606,
          -0.9617373309673728,
          0.14666951368229272,
          1.909701285626033
        ],
        [
          0.0,
          -0.0,
          -0.0,
          1.0
        ]
      ]
    },
    {
      "file_path": "images/000016.jpg",
      "transform_matrix": [
        [
          -0.9862208457491881,
          0.12488658521159818,
          -0.10849785363749148,
          -0.3650355859840492
        ],
        [
          0.0879778348575863,
          -0.15948376069975775,
          -0.983272510877241,
          -2.5789680802625194
        ],
        [
          -0.14010119194185167,
          -0.979269253529002,
          0.14629895799090237,
          1.9087174556007827
        ],
        [
          0.0,
          -0.0,
          -0.0,
          1.0
        ]
      ]
    },
    {
      "file_path": "images/000015.jpg",
      "transform_matrix": [
        [
          -0.998902794950019,
          0.04563712246021788,
          -0.010509961683619671,
          0.03899351192337671
        ],
        [
          0.004132506269050756,
          -0.13764796325255757,
          -0.9904725945751142,
          -2.6079958263640326
        ],
        [
          -0.046648993911726895,
          -0.9894292755250239,
          0.13730833951748894,
          1.8719114089732012
        ],
        [
          0.0,
          -0.0,
          -0.0,
          1.0
        ]
      ]
    },
    {
      "file_path": "images/000013.jpg",
      "transform_matrix": [
        [
          -0.9767921727633264,
          -0.12258775727067596,
          0.1756396680583441,
          0.8070338412891486
        ],
        [
          -0.16054536984991494,
          -0.12377559544356757,
          -0.9792368386617938,
          -2.5628922777474545
        ],
        [
          0.14178235238580814,
          -0.9847090147550879,
          0.1012221359783044,
          1.7227475120548446
        ],
        [
          0.0,
          -0.0,
          -0.0,
          1.0
        ]
      ]
    },
    {
      "file_path": "images/000018.jpg",
      "transform_matrix": [
        [
          -0.9144448739738017,
          0.2666716803007693,
          -0.30442862445670626,
          -1.1726062178385295
        ],
        [
          0.24905815189365363,
          -0.22210120126783964,
          -0.9426776190038144,
          -2.4106666489063198
        ],
        [
          -0.3189993878338261,
          -0.9378471470985807,
          0.13668254914471487,
          1.8685769246390398
        ],
        [
          0.0,
          -0.0,
          -0.0,
          1.0
        ]
      ]
    },
    {
      "file_path": "images/000019.jpg",
      "transform_matrix": [
        [
          -0.8566792741153106,
          0.3266597498045938,
          -0.39924181789845664,
          -1.5633373588752146
        ],
        [
          0.32392109584133716,
          -0.2616885194556561,
          -0.9091722842531297,
          -2.2719800009566793
        ],
        [
          -0.40146699113403006,
          -0.908191899679086,
          0.11837114676762064,
          1.7930510675955535
        ],
        [
          0.0,
          -0.0,
          -0.0,
          1.0
        ]
      ]
    },
    {
      "file_path": "images/000020.jpg",
      "transform_matrix": [
        [
          -0.7853550662269076,
          0.37813969047625234,
          -0.4901303851407832,
          -1.9384951923867544
        ],
        [
          0.39387398823555353,
          -0.3055841334303696,
          -0.8668803947414134,
          -2.0980694653062684
        ],
        [
          -0.47757795315858914,
          -0.8738585193737792,
          0.0910526593500604,
          1.6804760021675924
        ],
        [
          0.0,
          -0.0,
          -0.0,
          1.0
        ]
      ]
    },
    {
      "file_path": "images/000021.jpg",
      "transform_matrix": [
        [
          -0.7017925053005878,
          0.4204627961611359,
          -0.57506374998628,
          -2.287862473883513
        ],
        [
          0.45728363907285946,
          -0.35309077210940604,
          -0.8162221389349016,
          -1.8880471992222194
        ],
        [
          -0.546240746319978,
          -0.8357858240575406,
          0.05552570003386442,
          1.5338720341754533
        ],
        [
          0.0,
          -0.0,
          -0.0,
          1.0
        ]
      ]
    },
    {
      "file_path": "images/000022.jpg",
      "transform_matrix": [
        [
          -0.6072957916884415,
          0.45300396980855673,
          -0.6526708395011964,
          -2.606724437468263
        ],
        [
          0.5133622316194628,
          -0.4032248331742238,
          -0.7575413870266786,
          -1.6448718274770913
        ],
        [
          -0.6063423459929163,
          -0.7951082550504097,
          0.012321615417583342,
          1.355751234212934
        ],
        [
          0.0,
          -0.0,
          -0.0,
          1.0
        ]
      ]
    },
    {
      "file_path": "images/000023.jpg",
      "transform_matrix": [
        [
          -0.5034680935721255,
          0.4755124433697021,
          -0.7213929546061741,
          -2.889421113683742
        ],
        [
          0.5613355059632458,
          -0.4547018788265092,
          -0.6914829362584659,
          -1.3722456764602553
        ],
        [
          -0.656827472400353,
          -0.753083074827883,
          -0.03799412991430479,
          1.1484914361536585
        ],
        [
          0.0,
          -0.0,
          -0.0,
          1.0
        ]
      ]
    },
    {
      "file_path": "images/000014.jpg",
      "transform_matrix": [
        [
          -0.9957037912746373,
          -0.03758049664332674,
          0.08462662886676954,
          0.43147941891889574
        ],
        [
          -0.07916047782356374,
          -0.12865962016431254,
          -0.9885243147692017,
          -2.601497061838701
        ],
        [
          0.04803726461881566,
          -0.990976492360548,
          0.12513198151042793,
          1.8212828521613997
        ],
        [
          0.0,
          -0.0,
          -0.0,
          1.0
        ]
      ]
    },
    {
      "file_path": "images/000024.jpg",
      "transform_matrix": [
        [
          -0.391516100816779,
          0.48863651777775974,
          -0.7797111620948171,
          -3.1293741279564045
        ],
        [
          0.600694660462244,
          -0.506168643233389,
          -0.6188369975198798,
          -1.073262619601636
        ],
        [
          -0.6970516965716205,
          -0.710652980083314,
          -0.09534817358150917,
          0.9123232415631737
        ],
        [
          0.0,
          -0.0,
          -0.0,
          1.0
        ]
      ]
    },
    {
      "file_path": "images/000025.jpg",
      "transform_matrix": [
        [
          -0.2738952013678735,
          0.49271928845265467,
          -0.8259595156267416,
          -3.3187044504930405
        ],
        [
          0.6305802177398394,
          -0.5564473727407084,
          -0.5410498224425728,
          -0.7511995852827957
        ],
        [
          -0.7261886859920283,
          -0.6690246812761638,
          -0.15829077098965336,
          0.6536672253185304
        ],
        [
          0.0,
          -0.0,
          -0.0,
          1.0
        ]
      ]
    },
    {
      "file_path": "images/000026.jpg",
      "transform_matrix": [
        [
          -0.15290167117894612,
          0.4876109670485676,
          -0.8595676958591724,
          -3.4548350173427718
        ],
        [
          0.6509590991612267,
          -0.6047403736539962,
          -0.458847830649802,
          -0.4101623118693818
        ],
        [
          -0.7435545240060679,
          -0.6297020130877667,
          -0.2249489820899936,
          0.3796387751975237
        ],
        [
          0.0,
          -0.0,
          -0.0,
          1.0
        ]
      ]
    },
    {
      "file_path": "images/000027.jpg",
      "transform_matrix": [
        [
          -0.027373701432725266,
          0.4744641946804272,
          -0.8798490827614278,
          -3.5373447273344594
        ],
        [
          0.661961635094247,
          -0.6509304344762686,
          -0.37161319020708505,
          -0.050246412085668934
        ],
        [
          -0.7490376987396715,
          -0.5925987659781194,
          -0.2962587187375031,
          0.08783261533931432
        ],
        [
          0.0,
          -0.0,
          -0.0,
          1.0
        ]
      ]
    },
    {
      "file_path": "images/000028.jpg",
      "transform_matrix": [
        [
          0.09668826674618877,
          0.4522558129194427,
          -0.8866318620228981,
          -3.5650534523873927
        ],
        [
          0.6628632661378859,
          -0.6937701003410476,
          -0.281594279554445,
          0.31974071149371003
        ],
        [
          -0.7424713256945564,
          -0.5604888291066529,
          -0.366863193803932,
          -0.20247192612052953
        ],
        [
          0.0,
          -0.0,
          -0.0,
          1.0
        ]
      ]
    },
    {
      "file_path": "images/000029.jpg",
      "transform_matrix": [
        [
          0.21966440886139632,
          0.42478766486999514,
          -0.8782385708074255,
          -3.526808783767683
        ],
        [
          0.6527453172816506,
          -0.7330294980465584,
          -0.1912885405885244,
          0.6917496649547699
        ],
        [
          -0.7250317911970825,
          -0.5312468303603393,
          -0.43829865044926,
          -0.49435773458212007
        ],
        [
          0.0,
          -0.0,
          -0.0,
          1.0
        ]
      ]
    },
    {
      "file_path": "images/000030.jpg",
      "transform_matrix": [
        [
          0.33848299012735233,
          0.3908735710832377,
          -0.8559480806819322,
          -3.4322186012394718
        ],
        [
          0.632504569654918,
          -0.7679974477135725,
          -0.10058772127394844,
          1.0645989070909543
        ],
        [
          -0.6966830231605285,
          -0.5073438397517759,
          -0.5071833923797493,
          -0.7765083532737782
        ],
        [
          0.0,
          -0.0,
          -0.0,
          1.0
        ]
      ]
    },
    {
      "file_path": "images/000032.jpg",
      "transform_matrix": [
        [
          0.5608724081663237,
          0.31687753454290285,
          -0.7648599674840619,
          -3.0568559070069967
        ],
        [
          0.5620040097717928,
          -0.8241078835741025,
          0.07069433662918297,
          1.7679049998991634
        ],
        [
          -0.6079256819366454,
          -0.46950487146889636,
          -0.6403058182687702,
          -1.322242071032689
        ],
        [
          0.0,
          -0.0,
          -0.0,
          1.0
        ]
      ]
    },
    {
      "file_path": "images/000033.jpg",
      "transform_matrix": [
        [
          0.6596890968022806,
          0.2757827482419457,
          -0.6991095560298908,
          -2.7860414717163065
        ],
        [
          0.5135403716432508,
          -0.8446017219512301,
          0.15140745678310827,
          2.0991865957630917
        ],
        [
          -0.5487135703194361,
          -0.4589028296373172,
          -0.6988001221366238,
          -1.5619126558584462
        ],
        [
          0.0,
          -0.0,
          -0.0,
          1.0
        ]
      ]
    },
    {
      "file_path": "images/000034.jpg",
      "transform_matrix": [
        [
          0.7480537960652315,
          0.23397916938729446,
          -0.621022758427764,
          -2.464933057969917
        ],
        [
          0.4570525728489522,
          -0.8601219137413869,
          0.22648010763421902,
          2.407487463540928
        ],
        [
          -0.4811636559888438,
          -0.45325935378620263,
          -0.7503582440146597,
          -1.7732281129438217
        ],
        [
          0.0,
          -0.0,
          -0.0,
          1.0
        ]
      ]
    },
    {
      "file_path": "images/000035.jpg",
      "transform_matrix": [
        [
          0.8250384167888634,
          0.19340720672859288,
          -0.5309475145510797,
          -2.0943142404127295
        ],
        [
          0.3931534452952546,
          -0.8713684420805217,
          0.2935087845340165,
          2.6823629069928567
        ],
        [
          -0.4058841944138708,
          -0.45089986752227806,
          -0.79495114956417,
          -1.9553557442048772
        ],
        [
          0.0,
          -0.0,
          -0.0,
          1.0
        ]
      ]
    },
    {
      "file_path": "images/000036.jpg",
      "transform_matrix": [
        [
          0.8893266474076935,
          0.15408107387558728,
          -0.43053122637497226,
          -1.6822612474336334
        ],
        [
          0.3233436641759424,
          -0.8776456825260994,
          0.3538176518781566,
          2.9297225518954053
        ],
        [
          -0.3233372682631362,
          -0.4538690104167091,
          -0.8303348314598696,
          -2.100575385257003
        ],
        [
          0.0,
          -0.0,
          -0.0,
          1.0
        ]
      ]
    },
    {
      "file_path": "images/000039.jpg",
      "transform_matrix": [
        [
          0.9947525891234429,
          0.05188440922886947,
          -0.08817763044660502,
          -0.2778388831084968
        ],
        [
          0.08762195804533572,
          -0.8769867799610637,
          0.47245801955499295,
          3.415507577118268
        ],
        [
          -0.05281741095991234,
          -0.477705134839993,
          -0.8769310835219583,
          -2.2887039676650605
        ],
        [
          0.0,
          -0.0,
          -0.0,
          1.0
        ]
      ]
    },
    {
      "file_path": "images/000037.jpg",
      "transform_matrix": [
        [
          0.9397346490586255,
          0.11701278287687014,
          -0.32125814853801327,
          -1.2338695009408767
        ],
        [
          0.24741356984033291,
          -0.8812365453117238,
          0.4027513831955402,
          3.1302146631248315
        ],
        [
          -0.23597736081566045,
          -0.4579630551152229,
          -0.8570790659746665,
          -2.208690376451839
        ],
        [
          0.0,
          -0.0,
          -0.0,
          1.0
        ]
      ]
    },
    {
      "file_path": "images/000038.jpg",
      "transform_matrix": [
        [
          0.9750078535918699,
          0.08305690488578578,
          -0.20606124328696165,
          -0.7618801485680493
        ],
        [
          0.16861198370600128,
          -0.8805863655332261,
          0.442874306985301,
          3.2948230738521342
        ],
        [
          -0.144670952111687,
          -0.46655032246026484,
          -0.8725830116540894,
          -2.2723846646013577
        ],
        [
          0.0,
          -0.0,
          -0.0,
          1.0
        ]
      ]
    },
    {
      "file_path": "images/000040.jpg",
      "transform_matrix": [
        [
          0.9991722060073723,
          0.024555574165633108,
          0.03243341671420165,
          0.21694327558600499
        ],
        [
          0.005677146581869392,
          -0.8736383266256454,
          0.48654274658803603,
          3.4749161531291413
        ],
        [
          0.040282412403540725,
          -0.4859558601644165,
          -0.8730545396610759,
          -2.2722295916877573
        ],
        [
          0.0,
          -0.0,
          -0.0,
          1.0
        ]
      ]
    },
    {
      "file_path": "images/000041.jpg",
      "transform_matrix": [
        [
          0.9879831215063787,
          0.0008609904403917496,
          0.15455940707046417,
          0.7183653352688156
        ],
        [
          -0.07586762801509324,
          -0.8685255897731459,
          0.48980343294894574,
          3.492189402293569
        ],
        [
          0.13466051625430273,
          -0.49564358021129507,
          -0.8580233019897853,
          -2.2143026197236626
        ],
        [
          0.0,
          -0.0,
          -0.0,
          1.0
        ]
      ]
    },
    {
      "file_path": "images/000043.jpg",
      "transform_matrix": [
        [
          0.9183029988990854,
          -0.036206343824087904,
          0.3942191051684814,
          1.701578822671754
        ],
        [
          -0.2367761954438028,
          -0.8482925842010994,
          0.47364197962235016,
          3.4249820617989273
        ],
        [
          0.3172642991010877,
          -0.5282885501847572,
          -0.7875624243573223,
          -1.924966970028736
        ],
        [
          0.0,
          -0.0,
          -0.0,
          1.0
        ]
      ]
    },
    {
      "file_path": "images/000042.jpg",
      "transform_matrix": [
        [
          0.960881745870954,
          -0.01942241973550049,
          0.2762771073824347,
          1.2178381255350506
        ],
        [
          -0.1576371161401496,
          -0.8585477866501791,
          0.48789982337883225,
          3.483875787827507
        ],
        [
          0.22772090388676294,
          -0.5123655605616919,
          -0.8280245903856353,
          -2.0911169697417327
        ],
        [
          0.0,
          -0.0,
          -0.0,
          1.0
        ]
      ]
    },
    {
      "file_path": "images/000044.jpg",
      "transform_matrix": [
        [
          0.8613081516043546,
          -0.05008252054296943,
          0.505608553246435,
          2.159245264912611
        ],
        [
          -0.312304571507622,
          -0.8371270673686969,
          0.4490925602747452,
          3.3243237913391614
        ],
        [
          0.40076691804006315,
          -0.5447109455617246,
          -0.7366653671715,
          -1.7166112052757285
        ],
        [
          0.0,
          -0.0,
          -0.0,
          1.0
        ]
      ]
    },
    {
      "file_path": "images/000045.jpg",
      "transform_matrix": [
        [
          0.7896126036504844,
          -0.06046718900061691,
          0.6106190753740559,
          2.587965358954928
        ],
        [
          -0.38277985384465474,
          -0.8263039417033418,
          0.41316023455335715,
          3.1755565026714008
        ],
        [
          0.4795743108705553,
          -0.5599692089569605,
          -0.6756056285830869,
          -1.4635690073208314
        ],
        [
          0.0,
          -0.0,
          -0.0,
          1.0
        ]
      ]
    },
    {
      "file_path": "images/000047.jpg",
      "transform_matrix": [
        [
          0.6124276616991106,
          -0.07463645867452771,
          0.7869953991112563,
          3.3064505020315966
        ],
        [
          -0.5041592036831275,
          -0.8036776376524722,
          0.3161103479466253,
          2.7738206963343863
        ],
        [
          0.60889724627999,
          -0.5903656949500599,
          -0.529823073958447,
          -0.8613221060849008
        ],
        [
          0.0,
          -0.0,
          -0.0,
          1.0
        ]
      ]
    },
    {
      "file_path": "images/000031.jpg",
      "transform_matrix": [
        [
          0.4528079453804432,
          0.3559508933228088,
          -0.8174741134390958,
          -3.2733348551124477
        ],
        [
          0.6018233151602767,
          -0.7985006387854664,
          -0.014332731375990355,
          1.4187848760990371
        ],
        [
          -0.6578553503087405,
          -0.48548500636157266,
          -0.5757869802872134,
          -1.0575417183597786
        ],
        [
          0.0,
          -0.0,
          -0.0,
          1.0
        ]
      ]
    },
    {
      "file_path": "images/000046.jpg",
      "transform_matrix": [
        [
          0.7069525351433111,
          -0.06882274798431115,
          0.7039044980779234,
          2.9700795409892886
        ],
        [
          -0.4467856073942564,
          -0.814981059635515,
          0.3690372521314321,
          2.993491927529442
        ],
        [
          0.5482706759254873,
          -0.5753862196779316,
          -0.6069019394638216,
          -1.180651526738166
        ],
        [
          0.0,
          -0.0,
          -0.0,
          1.0
        ]
      ]
    },
    {
      "file_path": "images/000048.jpg",
      "transform_matrix": [
        [
          0.5087628567252578,
          -0.08017366406123849,
          0.8571654094792618,
          3.59453380266503
        ],
        [
          -0.5529394776830401,
          -0.7935735046024902,
          0.25396658601581446,
          2.5200470435698006
        ],
        [
          0.6598623262744749,
          -0.6031693596195989,
          -0.4480719071529942,
          -0.5270548247704798
        ],
        [
          0.0,
          -0.0,
          -0.0,
          1.0
        ]
      ]
    },
    {
      "file_path": "images/000049.jpg",
      "transform_matrix": [
        [
          0.39944498685304014,
          -0.08396599628599292,
          0.9129038360888156,
          3.8252463895514883
        ],
        [
          -0.5938252785916103,
          -0.7823525189547493,
          0.18787249556748603,
          2.2489635961025876
        ],
        [
          0.6984377144624789,
          -0.6171501013147932,
          -0.36236792278507457,
          -0.17600113302064752
        ],
        [
          0.0,
          -0.0,
          -0.0,
          1.0
        ]
      ]
    },
    {
      "file_path": "images/000051.jpg",
      "transform_matrix": [
        [
          0.1595412482641757,
          -0.09029012161366873,
          0.9830535509529974,
          4.111429294457528
        ],
        [
          -0.6460744930385524,
          -0.7624796589033682,
          0.03482124643921663,
          1.6234535514584232
        ],
        [
          0.7464143216386501,
          -0.6406812496847337,
          -0.1799811011054265,
          0.571852632781157
        ],
        [
          0.0,
          -0.0,
          -0.0,
          1.0
        ]
      ]
    },
    {
      "file_path": "images/000050.jpg",
      "transform_matrix": [
        [
          0.28238847368811437,
          -0.08859879555950789,
          0.9551999808173688,
          4.000446687077671
        ],
        [
          -0.6253657289486623,
          -0.7720676707345562,
          0.11326613290399265,
          1.944289322721319
        ],
        [
          0.7274437813223819,
          -0.6293343826869155,
          -0.27342966149171416,
          0.18900576158163782
        ],
        [
          0.0,
          -0.0,
          -0.0,
          1.0
        ]
      ]
    },
    {
      "file_path": "images/000053.jpg",
      "transform_matrix": [
        [
          -0.09013808557472663,
          -0.09305434270815252,
          0.991572496004239,
          4.150775088421565
        ],
        [
          -0.6575688005163174,
          -0.7421939740230927,
          -0.12942711273662852,
          0.9504638956725662
        ],
        [
          0.7479828862457045,
          -0.6636934489860227,
          0.005710311426105732,
          1.332856999080423
        ],
        [
          0.0,
          -0.0,
          -0.0,
          1.0
        ]
      ]
    },
    {
      "file_path": "images/000052.jpg",
      "transform_matrix": [
        [
          0.035486317254518326,
          -0.09299159993225464,
          0.9950343127901424,
          4.165367399180769
        ],
        [
          -0.6576705847074543,
          -0.7518498780309955,
          -0.046809859168045566,
          1.2889244098715773
        ],
        [
          0.752469350404564,
          -0.6527436887835965,
          -0.08783822319990646,
          0.9499177456887998
        ],
        [
          0.0,
          -0.0,
          -0.0,
          1.0
        ]
      ]
    },
    {
      "file_path": "images/000055.jpg",
      "transform_matrix": [
        [
          -0.33366751814331885,
          -0.09345372699987319,
          0.9380471140864468,
          3.931141095179065
        ],
        [
          -0.6288423317690067,
          -0.7192582086963869,
          -0.2953387055537818,
          0.2702532175481781
        ],
        [
          0.702298589711952,
          -0.6884286674250994,
          0.18122544180082822,
          2.0537371681364496
        ],
        [
          0.0,
          -0.0,
          -0.0,
          1.0
        ]
      ]
    },
    {
      "file_path": "images/000056.jpg",
      "transform_matrix": [
        [
          -0.4489657581928086,
          -0.09153688926783149,
          0.8888479880573082,
          3.7295760441701917
        ],
        [
          -0.5989296704757563,
          -0.7073741484887104,
          -0.37537323276130613,
          -0.05819732950383387
        ],
        [
          0.6631085867293215,
          -0.700887160642168,
          0.2627626119766681,
          2.3879857189118074
        ],
        [
          0.0,
          -0.0,
          -0.0,
          1.0
        ]
      ]
    },
    {
      "file_path": "images/000057.jpg",
      "transform_matrix": [
        [
          -0.5567733496490177,
          -0.08868833877340127,
          0.8259163490852005,
          3.4722174397345253
        ],
        [
          -0.5603862332658617,
          -0.6938387251108115,
          -0.45227767256708934,
          -0.37440464228779574
        ],
        [
          0.6131645021417268,
          -0.714648306583188,
          0.3366111869963175,
          2.6919433920691946
        ],
        [
          0.0,
          -0.0,
          -0.0,
          1.0
        ]
      ]
    },
    {
      "file_path": "images/000058.jpg",
      "transform_matrix": [
        [
          -0.6568630856630323,
          -0.0835623096683239,
          0.7493652160970206,
          3.159141309631591
        ],
        [
          -0.5118862829951809,
          -0.6803011335151965,
          -0.5245596257998857,
          -0.6710026825069155
        ],
        [
          0.5536274198182536,
          -0.7281536294909432,
          0.4040903016462399,
          2.968637305089027
        ],
        [
          0.0,
          -0.0,
          -0.0,
          1.0
        ]
      ]
    },
    {
      "file_path": "images/000059.jpg",
      "transform_matrix": [
        [
          -0.7466573464989994,
          -0.07739748295666439,
          0.6606908782108668,
          2.796365779113302
        ],
        [
          -0.455532276800516,
          -0.6642945043793768,
          -0.5926239585473206,
          -0.9506093309753538
        ],
        [
          0.48476092222044015,
          -0.7434530523734039,
          0.46074332030389487,
          3.2020916633503465
        ],
        [
          0.0,
          -0.0,
          -0.0,
          1.0
        ]
      ]
    },
    {
      "file_path": "images/000060.jpg",
      "transform_matrix": [
        [
          -0.8243607794393499,
          -0.06761296906791675,
          0.5620122700937836,
          2.3930296131589768
        ],
        [
          -0.39165388993470523,
          -0.6487084423211449,
          -0.6525217140910236,
          -1.1977967730221701
        ],
        [
          0.40870103476888936,
          -0.7580276006024417,
          0.508288914795261,
          3.398285724603264
        ],
        [
          0.0,
          -0.0,
          -0.0,
          1.0
        ]
      ]
    },
    {
      "file_path": "images/000061.jpg",
      "transform_matrix": [
        [
          -0.8888787740896733,
          -0.054194510024925036,
          0.4549257962085661,
          1.9528572633920473
        ],
        [
          -0.3215391200935673,
          -0.6335452912476675,
          -0.7037279006742326,
          -1.4072498041139978
        ],
        [
          0.32635428482294215,
          -0.7718052338647793,
          0.5457193067471953,
          3.550356959595105
        ],
        [
          0.0,
          -0.0,
          -0.0,
          1.0
        ]
      ]
    },
    {
      "file_path": "images/000063.jpg",
      "transform_matrix": [
        [
          -0.9741179861792015,
          -0.016564128594070776,
          0.2254324258976413,
          1.0111287865552234
        ],
        [
          -0.16992391593217118,
          -0.6040225370984478,
          -0.7786415333588561,
          -1.716590844301267
        ],
        [
          0.14906378432219167,
          -0.7967950830176307,
          0.5855745758504833,
          3.713989072033638
        ],
        [
          0.0,
          -0.0,
          -0.0,
          1.0
        ]
      ]
    },
    {
      "file_path": "images/000062.jpg",
      "transform_matrix": [
        [
          -0.9389049107230746,
          -0.03744213426073075,
          0.34213397259274914,
          1.4901658675645053
        ],
        [
          -0.247058356603559,
          -0.618772842497001,
          -0.7457092850572064,
          -1.5804415737673734
        ],
        [
          0.23962415790659192,
          -0.7846771667190161,
          0.5717184682843238,
          3.6569451950087166
        ],
        [
          0.0,
          -0.0,
          -0.0,
          1.0
        ]
      ]
    },
    {
      "file_path": "images/000065.jpg",
      "transform_matrix": [
        [
          -0.9992133686511744,
          0.03661191061670315,
          -0.015238500902841456,
          0.022912478759315187
        ],
        [
          -0.008570614736535287,
          -0.5745513471689493,
          -0.818423664143079,
          -1.8838944274542708
        ],
        [
          -0.038719355260763894,
          -0.8176492631118432,
          0.5744131736484204,
          3.6706849216017012
        ],
        [
          0.0,
          -0.0,
          -0.0,
          1.0
        ]
      ]
    },
    {
      "file_path": "images/000064.jpg",
      "transform_matrix": [
        [
          -0.9944260329363577,
          0.007768636923150398,
          0.10514995624732001,
          0.5176233883786182
        ],
        [
          -0.08953856494830727,
          -0.5888300081837176,
          -0.8032820593349267,
          -1.8192448938934873
        ],
        [
          0.055675042931773375,
          -0.8082195677801418,
          0.5862434817137203,
          3.7179290195476464
        ],
        [
          0.0,
          -0.0,
          -0.0,
          1.0
        ]
      ]
    },
    {
      "file_path": "images/000069.jpg",
      "transform_matrix": [
        [
          -0.8641508929130851,
          0.18593214275654305,
          -0.46762428569042286,
          -1.8398037809073755
        ],
        [
          0.3096363665051142,
          -0.5360650284971574,
          -0.7853404394018255,
          -1.7537645421745827
        ],
        [
          -0.3966970567259459,
          -0.823446126660574,
          0.40566971993565065,
          2.9801998150579707
        ],
        [
          0.0,
          -0.0,
          -0.0,
          1.0
        ]
      ]
    },
    {
      "file_path": "images/000067.jpg",
      "transform_matrix": [
        [
          -0.9620936179568188,
          0.10462031645311487,
          -0.25185404438286907,
          -0.9509215956830606
        ],
        [
          0.15488774788919912,
          -0.5504862155094462,
          -0.8203503593513563,
